24 0.8945 0.613705 0.043 0.137048
3 0.0375 0.82756 0.075 0.326807
1 0.449 0.944277 0.114 0.108434
0 0.0075 0.555723 0.015 0.0933735
0 0.242 0.549699 0.018 0.0813253
0 0.536 0.64759 0.068 0.150602
26 0.685 0.725151 0.058 0.170181
26 0.5145 0.746988 0.081 0.207831
0 0.051 0.560994 0.026 0.106928
9 0.8385 0.29744 0.057 0.248494
26 0.577 0.767319 0.046 0.143072
0 0.0255 0.560241 0.027 0.111446
0 0.8765 0.741717 0.069 0.435241
9 0.7705 0.271084 0.119 0.274096
0 0.63 0.77259 0.082 0.439759
24 0.3665 0.756777 0.127 0.329819
0 0.4995 0.776355 0.123 0.435241
0 0.9715 0.670934 0.057 0.326807
0 0.805 0.750753 0.13 0.483434
0 0.3255 0.728916 0.203 0.527108
5 0.5375 0.484187 0.485 0.441265
