0 0.008 0.557982 0.016 0.103916
0 0.243 0.551958 0.018 0.0768072
26 0.5765 0.77259 0.045 0.13253
1 0.4485 0.942018 0.115 0.10994
0 0.039 0.828313 0.076 0.328313
0 0.054 0.564006 0.03 0.106928
0 0.024 0.559488 0.032 0.10994
26 0.686 0.730422 0.056 0.159639
26 0.514 0.746988 0.082 0.207831
9 0.763 0.271084 0.132 0.28012
0 0.8725 0.743976 0.073 0.436747
24 0.367 0.763554 0.13 0.316265
0 0.498 0.775602 0.12 0.433735
0 0.6305 0.774096 0.083 0.442771
5 0.5375 0.483434 0.483 0.439759
0 0.804 0.751506 0.132 0.487952
0 0.972 0.671687 0.056 0.328313
0 0.329 0.728916 0.21 0.527108
